image_width: 1312
image_height: 1232
camera_name: narrow_stereo
camera_matrix:
  rows: 3
  cols: 3
  data: [417.622571, 0.000000, 655.500000, 0.000000, 417.622571, 615.500000, 0.000000, 0.000000, 1.000000]
distortion_model: plumb_bob
distortion_coefficients:
  rows: 1
  cols: 4
  data: [0.000000, 0.000000, 0.000000, 0.000000]
rectification_matrix:
  rows: 3
  cols: 3
  data: [1.000000, 0.000000, 0.000000, 0.000000, 1.000000, 0.000000, 0.000000, 0.000000, 1.000000]
projection_matrix:
  rows: 3
  cols: 4
  data: [417.622571, 0.000000, 655.500000, 0.000000, 0.000000, 417.622571, 615.500000, 0.000000, 0.000000, 0.000000, 1.000000, 0.000000]
