image_width: 1264
image_height: 1028
camera_name: narrow_stereo
camera_matrix:
  rows: 3
  cols: 3
  data: [402.343696, 0.000000, 631.500000, 0.000000, 402.343696, 513.500000, 0.000000, 0.000000, 1.000000]
distortion_model: plumb_bob
distortion_coefficients:
  rows: 1
  cols: 4
  data: [0.000000, 0.000000, 0.000000, 0.000000]
rectification_matrix:
  rows: 3
  cols: 3
  data: [1.000000, 0.000000, 0.000000, 0.000000, 1.000000, 0.000000, 0.000000, 0.000000, 1.000000]
projection_matrix:
  rows: 3
  cols: 4
  data: [402.343696, 0.000000, 631.500000, 0.000000, 0.000000, 402.343696, 513.500000, 0.000000, 0.000000, 0.000000, 1.000000, 0.000000]
