image_width: 1312
image_height: 1232
camera_name: narrow_stereo
camera_matrix:
  rows: 3
  cols: 3
  data: [379.737862, 0.000000, 655.108947, 0.000000, 379.657255, 628.118424, 0.000000, 0.000000, 1.000000]
distortion_model: plumb_bob
distortion_coefficients:
  rows: 1
  cols: 4
  data: [0.004883, -0.002803, 0.001831, -0.000751]
rectification_matrix:
  rows: 3
  cols: 3
  data: [1.000000, 0.000000, 0.000000, 0.000000, 1.000000, 0.000000, 0.000000, 0.000000, 1.000000]
projection_matrix:
  rows: 3
  cols: 4
  data: [379.737862, 0.000000, 655.108947, 0.000000, 0.000000, 379.657255, 628.118424, 0.000000, 0.000000, 0.000000, 1.000000, 0.000000]
