image_width: 1312
image_height: 1232
camera_name: narrow_stereo
camera_matrix:
  rows: 3
  cols: 3
  data: [396.995410, 0.000000, 654.816868, 0.000000, 397.022600, 623.714075, 0.000000, 0.000000, 1.000000]
distortion_model: plumb_bob
distortion_coefficients:
  rows: 1
  cols: 4
  data: [-0.002194, 0.004264, -0.002214, 0.000118]
rectification_matrix:
  rows: 3
  cols: 3
  data: [1.000000, 0.000000, 0.000000, 0.000000, 1.000000, 0.000000, 0.000000, 0.000000, 1.000000]
projection_matrix:
  rows: 3
  cols: 4
  data: [396.995410, 0.000000, 654.816868, 0.000000, 0.000000, 397.022600, 623.714075, 0.000000, 0.000000, 0.000000, 1.000000, 0.000000]
