%YAML:1.0
---
world2cam: !!opencv-matrix
   rows: 3
   cols: 3
   dt: d
   data: [ -2.1297625492685847e+03, 1.4185368970612035e+03,
       -3.9941608649223843e+02, -1.5223657145331611e+03,
       4.1011131168792296e+01, -6.2532751326042489e+02,
       -3.2827598942494984e+00, 1.4205402178000970e-01,
       -5.7558890585659528e-01 ]
cam2world: !!opencv-matrix
   rows: 3
   cols: 3
   dt: d
   data: [ 4.1739542021872800e-05, 4.8619352081311334e-04,
       -5.5717131896849059e-01, 7.5291032242187552e-04,
       -5.4598814753531563e-05, -4.6314713624966902e-01,
       -5.2236856735952167e-05, -2.7863854842764967e-03,
       1.3260640345730703e+00 ]
