%YAML:1.0
---
world2cam: !!opencv-matrix
   rows: 3
   cols: 3
   dt: d
   data: [ -2.0890434802241443e+03, 1.3677257489876883e+03,
       -3.9818467639526756e+02, -1.4991153890897617e+03,
       2.1247514548821862e+01, -6.1613829000858959e+02,
       -3.2255515393325100e+00, 1.0492395165144638e-01,
       -5.7109357368957281e-01 ]
cam2world: !!opencv-matrix
   rows: 3
   cols: 3
   dt: d
   data: [ 3.5653509537975871e-05, 5.0195550191614070e-04,
       -5.6640575322701237e-01, 7.6805344530523896e-04,
       -6.2004971349932073e-05, -4.6861580638102102e-01,
       -6.0261630663344747e-05, -2.8464497297630521e-03,
       1.3619518111039732e+00 ]
